010120
01012020
20200101
Jan2020
020120
02012020
20200102
030120
03012020
20200103
040120
04012020
20200104
050120
05012020
20200105
060120
06012020
20200106
070120
07012020
20200107
080120
08012020
20200108
090120
09012020
20200109
100120
10012020
20200110
110120
11012020
20200111
120120
12012020
20200112
130120
13012020
20200113
140120
14012020
20200114
150120
15012020
20200115
160120
16012020
20200116
170120
17012020
20200117
180120
18012020
20200118
190120
19012020
20200119
200120
20012020
20200120
210120
21012020
20200121
220120
22012020
20200122
230120
23012020
20200123
240120
24012020
20200124
250120
25012020
20200125
260120
26012020
20200126
270120
27012020
20200127
280120
28012020
20200128
290120
29012020
20200129
300120
30012020
20200130
310120
31012020
20200131
010220
01022020
20200201
Feb2020
020220
02022020
20200202
030220
03022020
20200203
040220
04022020
20200204
050220
05022020
20200205
060220
06022020
20200206
070220
07022020
20200207
080220
08022020
20200208
090220
09022020
20200209
100220
10022020
20200210
110220
11022020
20200211
120220
12022020
20200212
130220
13022020
20200213
140220
14022020
20200214
150220
15022020
20200215
160220
16022020
20200216
170220
17022020
20200217
180220
18022020
20200218
190220
19022020
20200219
200220
20022020
20200220
210220
21022020
20200221
220220
22022020
20200222
230220
23022020
20200223
240220
24022020
20200224
250220
25022020
20200225
260220
26022020
20200226
270220
27022020
20200227
280220
28022020
20200228
290220
29022020
20200229
010320
01032020
20200301
Mar2020
020320
02032020
20200302
030320
03032020
20200303
040320
04032020
20200304
050320
05032020
20200305
060320
06032020
20200306
070320
07032020
20200307
080320
08032020
20200308
090320
09032020
20200309
100320
10032020
20200310
110320
11032020
20200311
120320
12032020
20200312
130320
13032020
20200313
140320
14032020
20200314
150320
15032020
20200315
160320
16032020
20200316
170320
17032020
20200317
180320
18032020
20200318
190320
19032020
20200319
200320
20032020
20200320
210320
21032020
20200321
220320
22032020
20200322
230320
23032020
20200323
240320
24032020
20200324
250320
25032020
20200325
260320
26032020
20200326
270320
27032020
20200327
280320
28032020
20200328
290320
29032020
20200329
300320
30032020
20200330
310320
31032020
20200331
010420
01042020
20200401
Apr2020
020420
02042020
20200402
030420
03042020
20200403
040420
04042020
20200404
050420
05042020
20200405
060420
06042020
20200406
070420
07042020
20200407
080420
08042020
20200408
090420
09042020
20200409
100420
10042020
20200410
110420
11042020
20200411
120420
12042020
20200412
130420
13042020
20200413
140420
14042020
20200414
150420
15042020
20200415
160420
16042020
20200416
170420
17042020
20200417
180420
18042020
20200418
190420
19042020
20200419
200420
20042020
20200420
210420
21042020
20200421
220420
22042020
20200422
230420
23042020
20200423
240420
24042020
20200424
250420
25042020
20200425
260420
26042020
20200426
270420
27042020
20200427
280420
28042020
20200428
290420
29042020
20200429
300420
30042020
20200430
010520
01052020
20200501
May2020
020520
02052020
20200502
030520
03052020
20200503
040520
04052020
20200504
050520
05052020
20200505
060520
06052020
20200506
070520
07052020
20200507
080520
08052020
20200508
090520
09052020
20200509
100520
10052020
20200510
110520
11052020
20200511
120520
12052020
20200512
130520
13052020
20200513
140520
14052020
20200514
150520
15052020
20200515
160520
16052020
20200516
170520
17052020
20200517
180520
18052020
20200518
190520
19052020
20200519
200520
20052020
20200520
210520
21052020
20200521
220520
22052020
20200522
230520
23052020
20200523
240520
24052020
20200524
250520
25052020
20200525
260520
26052020
20200526
270520
27052020
20200527
280520
28052020
20200528
290520
29052020
20200529
300520
30052020
20200530
310520
31052020
20200531
010620
01062020
20200601
Jun2020
020620
02062020
20200602
030620
03062020
20200603
040620
04062020
20200604
050620
05062020
20200605
060620
06062020
20200606
070620
07062020
20200607
080620
08062020
20200608
090620
09062020
20200609
100620
10062020
20200610
110620
11062020
20200611
120620
12062020
20200612
130620
13062020
20200613
140620
14062020
20200614
150620
15062020
20200615
160620
16062020
20200616
170620
17062020
20200617
180620
18062020
20200618
190620
19062020
20200619
200620
20062020
20200620
210620
21062020
20200621
220620
22062020
20200622
230620
23062020
20200623
240620
24062020
20200624
250620
25062020
20200625
260620
26062020
20200626
270620
27062020
20200627
280620
28062020
20200628
290620
29062020
20200629
300620
30062020
20200630
010720
01072020
20200701
Jul2020
020720
02072020
20200702
030720
03072020
20200703
040720
04072020
20200704
050720
05072020
20200705
060720
06072020
20200706
070720
07072020
20200707
080720
08072020
20200708
090720
09072020
20200709
100720
10072020
20200710
110720
11072020
20200711
120720
12072020
20200712
130720
13072020
20200713
140720
14072020
20200714
150720
15072020
20200715
160720
16072020
20200716
170720
17072020
20200717
180720
18072020
20200718
190720
19072020
20200719
200720
20072020
20200720
210720
21072020
20200721
220720
22072020
20200722
230720
23072020
20200723
240720
24072020
20200724
250720
25072020
20200725
260720
26072020
20200726
270720
27072020
20200727
280720
28072020
20200728
290720
29072020
20200729
300720
30072020
20200730
310720
31072020
20200731
010820
01082020
20200801
Aug2020
020820
02082020
20200802
030820
03082020
20200803
040820
04082020
20200804
050820
05082020
20200805
060820
06082020
20200806
070820
07082020
20200807
080820
08082020
20200808
090820
09082020
20200809
100820
10082020
20200810
110820
11082020
20200811
120820
12082020
20200812
130820
13082020
20200813
140820
14082020
20200814
150820
15082020
20200815
160820
16082020
20200816
170820
17082020
20200817
180820
18082020
20200818
190820
19082020
20200819
200820
20082020
20200820
210820
21082020
20200821
220820
22082020
20200822
230820
23082020
20200823
240820
24082020
20200824
250820
25082020
20200825
260820
26082020
20200826
270820
27082020
20200827
280820
28082020
20200828
290820
29082020
20200829
300820
30082020
20200830
310820
31082020
20200831
010920
01092020
20200901
Sep2020
020920
02092020
20200902
030920
03092020
20200903
040920
04092020
20200904
050920
05092020
20200905
060920
06092020
20200906
070920
07092020
20200907
080920
08092020
20200908
090920
09092020
20200909
100920
10092020
20200910
110920
11092020
20200911
120920
12092020
20200912
130920
13092020
20200913
140920
14092020
20200914
150920
15092020
20200915
160920
16092020
20200916
170920
17092020
20200917
180920
18092020
20200918
190920
19092020
20200919
200920
20092020
20200920
210920
21092020
20200921
220920
22092020
20200922
230920
23092020
20200923
240920
24092020
20200924
250920
25092020
20200925
260920
26092020
20200926
270920
27092020
20200927
280920
28092020
20200928
290920
29092020
20200929
300920
30092020
20200930
011020
01102020
20201001
Oct2020
021020
02102020
20201002
031020
03102020
20201003
041020
04102020
20201004
051020
05102020
20201005
061020
06102020
20201006
071020
07102020
20201007
081020
08102020
20201008
091020
09102020
20201009
101020
10102020
20201010
111020
11102020
20201011
121020
12102020
20201012
131020
13102020
20201013
141020
14102020
20201014
151020
15102020
20201015
161020
16102020
20201016
171020
17102020
20201017
181020
18102020
20201018
191020
19102020
20201019
201020
20102020
20201020
211020
21102020
20201021
221020
22102020
20201022
231020
23102020
20201023
241020
24102020
20201024
251020
25102020
20201025
261020
26102020
20201026
271020
27102020
20201027
281020
28102020
20201028
291020
29102020
20201029
301020
30102020
20201030
311020
31102020
20201031
011120
01112020
20201101
Nov2020
021120
02112020
20201102
031120
03112020
20201103
041120
04112020
20201104
051120
05112020
20201105
061120
06112020
20201106
071120
07112020
20201107
081120
08112020
20201108
091120
09112020
20201109
101120
10112020
20201110
111120
11112020
20201111
121120
12112020
20201112
131120
13112020
20201113
141120
14112020
20201114
151120
15112020
20201115
161120
16112020
20201116
171120
17112020
20201117
181120
18112020
20201118
191120
19112020
20201119
201120
20112020
20201120
211120
21112020
20201121
221120
22112020
20201122
231120
23112020
20201123
241120
24112020
20201124
251120
25112020
20201125
261120
26112020
20201126
271120
27112020
20201127
281120
28112020
20201128
291120
29112020
20201129
301120
30112020
20201130
011220
01122020
20201201
Dec2020
021220
02122020
20201202
031220
03122020
20201203
041220
04122020
20201204
051220
05122020
20201205
061220
06122020
20201206
071220
07122020
20201207
081220
08122020
20201208
091220
09122020
20201209
101220
10122020
20201210
111220
11122020
20201211
121220
12122020
20201212
131220
13122020
20201213
141220
14122020
20201214
151220
15122020
20201215
161220
16122020
20201216
171220
17122020
20201217
181220
18122020
20201218
191220
19122020
20201219
201220
20122020
20201220
211220
21122020
20201221
221220
22122020
20201222
231220
23122020
20201223
241220
24122020
20201224
251220
25122020
20201225
261220
26122020
20201226
271220
27122020
20201227
281220
28122020
20201228
291220
29122020
20201229
301220
30122020
20201230
311220
31122020
20201231
010121
01012021
20210101
Jan2021
020121
02012021
20210102
030121
03012021
20210103
040121
04012021
20210104
050121
05012021
20210105
060121
06012021
20210106
070121
07012021
20210107
080121
08012021
20210108
090121
09012021
20210109
100121
10012021
20210110
110121
11012021
20210111
120121
12012021
20210112
130121
13012021
20210113
140121
14012021
20210114
150121
15012021
20210115
160121
16012021
20210116
170121
17012021
20210117
180121
18012021
20210118
190121
19012021
20210119
200121
20012021
20210120
210121
21012021
20210121
220121
22012021
20210122
230121
23012021
20210123
240121
24012021
20210124
250121
25012021
20210125
260121
26012021
20210126
270121
27012021
20210127
280121
28012021
20210128
290121
29012021
20210129
300121
30012021
20210130
310121
31012021
20210131
010221
01022021
20210201
Feb2021
020221
02022021
20210202
030221
03022021
20210203
040221
04022021
20210204
050221
05022021
20210205
060221
06022021
20210206
070221
07022021
20210207
080221
08022021
20210208
090221
09022021
20210209
100221
10022021
20210210
110221
11022021
20210211
120221
12022021
20210212
130221
13022021
20210213
140221
14022021
20210214
150221
15022021
20210215
160221
16022021
20210216
170221
17022021
20210217
180221
18022021
20210218
190221
19022021
20210219
200221
20022021
20210220
210221
21022021
20210221
220221
22022021
20210222
230221
23022021
20210223
240221
24022021
20210224
250221
25022021
20210225
260221
26022021
20210226
270221
27022021
20210227
280221
28022021
20210228
010321
01032021
20210301
Mar2021
020321
02032021
20210302
030321
03032021
20210303
040321
04032021
20210304
050321
05032021
20210305
060321
06032021
20210306
070321
07032021
20210307
080321
08032021
20210308
090321
09032021
20210309
100321
10032021
20210310
110321
11032021
20210311
120321
12032021
20210312
130321
13032021
20210313
140321
14032021
20210314
150321
15032021
20210315
160321
16032021
20210316
170321
17032021
20210317
180321
18032021
20210318
190321
19032021
20210319
200321
20032021
20210320
210321
21032021
20210321
220321
22032021
20210322
230321
23032021
20210323
240321
24032021
20210324
250321
25032021
20210325
260321
26032021
20210326
270321
27032021
20210327
280321
28032021
20210328
290321
29032021
20210329
300321
30032021
20210330
310321
31032021
20210331
010421
01042021
20210401
Apr2021
020421
02042021
20210402
030421
03042021
20210403
040421
04042021
20210404
050421
05042021
20210405
060421
06042021
20210406
070421
07042021
20210407
080421
08042021
20210408
090421
09042021
20210409
100421
10042021
20210410
110421
11042021
20210411
120421
12042021
20210412
130421
13042021
20210413
140421
14042021
20210414
150421
15042021
20210415
160421
16042021
20210416
170421
17042021
20210417
180421
18042021
20210418
190421
19042021
20210419
200421
20042021
20210420
210421
21042021
20210421
220421
22042021
20210422
230421
23042021
20210423
240421
24042021
20210424
250421
25042021
20210425
260421
26042021
20210426
270421
27042021
20210427
280421
28042021
20210428
290421
29042021
20210429
300421
30042021
20210430
010521
01052021
20210501
May2021
020521
02052021
20210502
030521
03052021
20210503
040521
04052021
20210504
050521
05052021
20210505
060521
06052021
20210506
070521
07052021
20210507
080521
08052021
20210508
090521
09052021
20210509
100521
10052021
20210510
110521
11052021
20210511
120521
12052021
20210512
130521
13052021
20210513
140521
14052021
20210514
150521
15052021
20210515
160521
16052021
20210516
170521
17052021
20210517
180521
18052021
20210518
190521
19052021
20210519
200521
20052021
20210520
210521
21052021
20210521
220521
22052021
20210522
230521
23052021
20210523
240521
24052021
20210524
250521
25052021
20210525
260521
26052021
20210526
270521
27052021
20210527
280521
28052021
20210528
290521
29052021
20210529
300521
30052021
20210530
310521
31052021
20210531
010621
01062021
20210601
Jun2021
020621
02062021
20210602
030621
03062021
20210603
040621
04062021
20210604
050621
05062021
20210605
060621
06062021
20210606
070621
07062021
20210607
080621
08062021
20210608
090621
09062021
20210609
100621
10062021
20210610
110621
11062021
20210611
120621
12062021
20210612
130621
13062021
20210613
140621
14062021
20210614
150621
15062021
20210615
160621
16062021
20210616
170621
17062021
20210617
180621
18062021
20210618
190621
19062021
20210619
200621
20062021
20210620
210621
21062021
20210621
220621
22062021
20210622
230621
23062021
20210623
240621
24062021
20210624
250621
25062021
20210625
260621
26062021
20210626
270621
27062021
20210627
280621
28062021
20210628
290621
29062021
20210629
300621
30062021
20210630
010721
01072021
20210701
Jul2021
020721
02072021
20210702
030721
03072021
20210703
040721
04072021
20210704
050721
05072021
20210705
060721
06072021
20210706
070721
07072021
20210707
080721
08072021
20210708
090721
09072021
20210709
100721
10072021
20210710
110721
11072021
20210711
120721
12072021
20210712
130721
13072021
20210713
140721
14072021
20210714
150721
15072021
20210715
160721
16072021
20210716
170721
17072021
20210717
180721
18072021
20210718
190721
19072021
20210719
200721
20072021
20210720
210721
21072021
20210721
220721
22072021
20210722
230721
23072021
20210723
240721
24072021
20210724
250721
25072021
20210725
260721
26072021
20210726
270721
27072021
20210727
280721
28072021
20210728
290721
29072021
20210729
300721
30072021
20210730
310721
31072021
20210731
010821
01082021
20210801
Aug2021
020821
02082021
20210802
030821
03082021
20210803
040821
04082021
20210804
050821
05082021
20210805
060821
06082021
20210806
070821
07082021
20210807
080821
08082021
20210808
090821
09082021
20210809
100821
10082021
20210810
110821
11082021
20210811
120821
12082021
20210812
130821
13082021
20210813
140821
14082021
20210814
150821
15082021
20210815
160821
16082021
20210816
170821
17082021
20210817
180821
18082021
20210818
190821
19082021
20210819
200821
20082021
20210820
210821
21082021
20210821
220821
22082021
20210822
230821
23082021
20210823
240821
24082021
20210824
250821
25082021
20210825
260821
26082021
20210826
270821
27082021
20210827
280821
28082021
20210828
290821
29082021
20210829
300821
30082021
20210830
310821
31082021
20210831
010921
01092021
20210901
Sep2021
020921
02092021
20210902
030921
03092021
20210903
040921
04092021
20210904
050921
05092021
20210905
060921
06092021
20210906
070921
07092021
20210907
080921
08092021
20210908
090921
09092021
20210909
100921
10092021
20210910
110921
11092021
20210911
120921
12092021
20210912
130921
13092021
20210913
140921
14092021
20210914
150921
15092021
20210915
160921
16092021
20210916
170921
17092021
20210917
180921
18092021
20210918
190921
19092021
20210919
200921
20092021
20210920
210921
21092021
20210921
220921
22092021
20210922
230921
23092021
20210923
240921
24092021
20210924
250921
25092021
20210925
260921
26092021
20210926
270921
27092021
20210927
280921
28092021
20210928
290921
29092021
20210929
300921
30092021
20210930
011021
01102021
20211001
Oct2021
021021
02102021
20211002
031021
03102021
20211003
041021
04102021
20211004
051021
05102021
20211005
061021
06102021
20211006
071021
07102021
20211007
081021
08102021
20211008
091021
09102021
20211009
101021
10102021
20211010
111021
11102021
20211011
121021
12102021
20211012
131021
13102021
20211013
141021
14102021
20211014
151021
15102021
20211015
161021
16102021
20211016
171021
17102021
20211017
181021
18102021
20211018
191021
19102021
20211019
201021
20102021
20211020
211021
21102021
20211021
221021
22102021
20211022
231021
23102021
20211023
241021
24102021
20211024
251021
25102021
20211025
261021
26102021
20211026
271021
27102021
20211027
281021
28102021
20211028
291021
29102021
20211029
301021
30102021
20211030
311021
31102021
20211031
011121
01112021
20211101
Nov2021
021121
02112021
20211102
031121
03112021
20211103
041121
04112021
20211104
051121
05112021
20211105
061121
06112021
20211106
071121
07112021
20211107
081121
08112021
20211108
091121
09112021
20211109
101121
10112021
20211110
111121
11112021
20211111
121121
12112021
20211112
131121
13112021
20211113
141121
14112021
20211114
151121
15112021
20211115
161121
16112021
20211116
171121
17112021
20211117
181121
18112021
20211118
191121
19112021
20211119
201121
20112021
20211120
211121
21112021
20211121
221121
22112021
20211122
231121
23112021
20211123
241121
24112021
20211124
251121
25112021
20211125
261121
26112021
20211126
271121
27112021
20211127
281121
28112021
20211128
291121
29112021
20211129
301121
30112021
20211130
011221
01122021
20211201
Dec2021
021221
02122021
20211202
031221
03122021
20211203
041221
04122021
20211204
051221
05122021
20211205
061221
06122021
20211206
071221
07122021
20211207
081221
08122021
20211208
091221
09122021
20211209
101221
10122021
20211210
111221
11122021
20211211
121221
12122021
20211212
131221
13122021
20211213
141221
14122021
20211214
151221
15122021
20211215
161221
16122021
20211216
171221
17122021
20211217
181221
18122021
20211218
191221
19122021
20211219
201221
20122021
20211220
211221
21122021
20211221
221221
22122021
20211222
231221
23122021
20211223
241221
24122021
20211224
251221
25122021
20211225
261221
26122021
20211226
271221
27122021
20211227
281221
28122021
20211228
291221
29122021
20211229
301221
30122021
20211230
311221
31122021
20211231
010122
01012022
20220101
Jan2022
020122
02012022
20220102
030122
03012022
20220103
040122
04012022
20220104
050122
05012022
20220105
060122
06012022
20220106
070122
07012022
20220107
080122
08012022
20220108
090122
09012022
20220109
100122
10012022
20220110
110122
11012022
20220111
120122
12012022
20220112
130122
13012022
20220113
140122
14012022
20220114
150122
15012022
20220115
160122
16012022
20220116
170122
17012022
20220117
180122
18012022
20220118
190122
19012022
20220119
200122
20012022
20220120
210122
21012022
20220121
220122
22012022
20220122
230122
23012022
20220123
240122
24012022
20220124
250122
25012022
20220125
260122
26012022
20220126
270122
27012022
20220127
280122
28012022
20220128
290122
29012022
20220129
300122
30012022
20220130
310122
31012022
20220131
010222
01022022
20220201
Feb2022
020222
02022022
20220202
030222
03022022
20220203
040222
04022022
20220204
050222
05022022
20220205
060222
06022022
20220206
070222
07022022
20220207
080222
08022022
20220208
090222
09022022
20220209
100222
10022022
20220210
110222
11022022
20220211
120222
12022022
20220212
130222
13022022
20220213
140222
14022022
20220214
150222
15022022
20220215
160222
16022022
20220216
170222
17022022
20220217
180222
18022022
20220218
190222
19022022
20220219
200222
20022022
20220220
210222
21022022
20220221
220222
22022022
20220222
230222
23022022
20220223
240222
24022022
20220224
250222
25022022
20220225
260222
26022022
20220226
270222
27022022
20220227
280222
28022022
20220228
010322
01032022
20220301
Mar2022
020322
02032022
20220302
030322
03032022
20220303
040322
04032022
20220304
050322
05032022
20220305
060322
06032022
20220306
070322
07032022
20220307
080322
08032022
20220308
090322
09032022
20220309
100322
10032022
20220310
110322
11032022
20220311
120322
12032022
20220312
130322
13032022
20220313
140322
14032022
20220314
150322
15032022
20220315
160322
16032022
20220316
170322
17032022
20220317
180322
18032022
20220318
190322
19032022
20220319
200322
20032022
20220320
210322
21032022
20220321
220322
22032022
20220322
230322
23032022
20220323
240322
24032022
20220324
250322
25032022
20220325
260322
26032022
20220326
270322
27032022
20220327
280322
28032022
20220328
290322
29032022
20220329
300322
30032022
20220330
310322
31032022
20220331
010422
01042022
20220401
Apr2022
020422
02042022
20220402
030422
03042022
20220403
040422
04042022
20220404
050422
05042022
20220405
060422
06042022
20220406
070422
07042022
20220407
080422
08042022
20220408
090422
09042022
20220409
100422
10042022
20220410
110422
11042022
20220411
120422
12042022
20220412
130422
13042022
20220413
140422
14042022
20220414
150422
15042022
20220415
160422
16042022
20220416
170422
17042022
20220417
180422
18042022
20220418
190422
19042022
20220419
200422
20042022
20220420
210422
21042022
20220421
220422
22042022
20220422
230422
23042022
20220423
240422
24042022
20220424
250422
25042022
20220425
260422
26042022
20220426
270422
27042022
20220427
280422
28042022
20220428
290422
29042022
20220429
300422
30042022
20220430
010522
01052022
20220501
May2022
020522
02052022
20220502
030522
03052022
20220503
040522
04052022
20220504
050522
05052022
20220505
060522
06052022
20220506
070522
07052022
20220507
080522
08052022
20220508
090522
09052022
20220509
100522
10052022
20220510
110522
11052022
20220511
120522
12052022
20220512
130522
13052022
20220513
140522
14052022
20220514
150522
15052022
20220515
160522
16052022
20220516
170522
17052022
20220517
180522
18052022
20220518
190522
19052022
20220519
200522
20052022
20220520
210522
21052022
20220521
220522
22052022
20220522
230522
23052022
20220523
240522
24052022
20220524
250522
25052022
20220525
260522
26052022
20220526
270522
27052022
20220527
280522
28052022
20220528
290522
29052022
20220529
300522
30052022
20220530
310522
31052022
20220531
010622
01062022
20220601
Jun2022
020622
02062022
20220602
030622
03062022
20220603
040622
04062022
20220604
050622
05062022
20220605
060622
06062022
20220606
070622
07062022
20220607
080622
08062022
20220608
090622
09062022
20220609
100622
10062022
20220610
110622
11062022
20220611
120622
12062022
20220612
130622
13062022
20220613
140622
14062022
20220614
150622
15062022
20220615
160622
16062022
20220616
170622
17062022
20220617
180622
18062022
20220618
190622
19062022
20220619
200622
20062022
20220620
210622
21062022
20220621
220622
22062022
20220622
230622
23062022
20220623
240622
24062022
20220624
250622
25062022
20220625
260622
26062022
20220626
270622
27062022
20220627
280622
28062022
20220628
290622
29062022
20220629
300622
30062022
20220630
010722
01072022
20220701
Jul2022
020722
02072022
20220702
030722
03072022
20220703
040722
04072022
20220704
050722
05072022
20220705
060722
06072022
20220706
070722
07072022
20220707
080722
08072022
20220708
090722
09072022
20220709
100722
10072022
20220710
110722
11072022
20220711
120722
12072022
20220712
130722
13072022
20220713
140722
14072022
20220714
150722
15072022
20220715
160722
16072022
20220716
170722
17072022
20220717
180722
18072022
20220718
190722
19072022
20220719
200722
20072022
20220720
210722
21072022
20220721
220722
22072022
20220722
230722
23072022
20220723
240722
24072022
20220724
250722
25072022
20220725
260722
26072022
20220726
270722
27072022
20220727
280722
28072022
20220728
290722
29072022
20220729
300722
30072022
20220730
310722
31072022
20220731
010822
01082022
20220801
Aug2022
020822
02082022
20220802
030822
03082022
20220803
040822
04082022
20220804
050822
05082022
20220805
060822
06082022
20220806
070822
07082022
20220807
080822
08082022
20220808
090822
09082022
20220809
100822
10082022
20220810
110822
11082022
20220811
120822
12082022
20220812
130822
13082022
20220813
140822
14082022
20220814
150822
15082022
20220815
160822
16082022
20220816
170822
17082022
20220817
180822
18082022
20220818
190822
19082022
20220819
200822
20082022
20220820
210822
21082022
20220821
220822
22082022
20220822
230822
23082022
20220823
240822
24082022
20220824
250822
25082022
20220825
260822
26082022
20220826
270822
27082022
20220827
280822
28082022
20220828
290822
29082022
20220829
300822
30082022
20220830
310822
31082022
20220831
010922
01092022
20220901
Sep2022
020922
02092022
20220902
030922
03092022
20220903
040922
04092022
20220904
050922
05092022
20220905
060922
06092022
20220906
070922
07092022
20220907
080922
08092022
20220908
090922
09092022
20220909
100922
10092022
20220910
110922
11092022
20220911
120922
12092022
20220912
130922
13092022
20220913
140922
14092022
20220914
150922
15092022
20220915
160922
16092022
20220916
170922
17092022
20220917
180922
18092022
20220918
190922
19092022
20220919
200922
20092022
20220920
210922
21092022
20220921
220922
22092022
20220922
230922
23092022
20220923
240922
24092022
20220924
250922
25092022
20220925
260922
26092022
20220926
270922
27092022
20220927
280922
28092022
20220928
290922
29092022
20220929
300922
30092022
20220930
011022
01102022
20221001
Oct2022
021022
02102022
20221002
031022
03102022
20221003
041022
04102022
20221004
051022
05102022
20221005
061022
06102022
20221006
071022
07102022
20221007
081022
08102022
20221008
091022
09102022
20221009
101022
10102022
20221010
111022
11102022
20221011
121022
12102022
20221012
131022
13102022
20221013
141022
14102022
20221014
151022
15102022
20221015
161022
16102022
20221016
171022
17102022
20221017
181022
18102022
20221018
191022
19102022
20221019
201022
20102022
20221020
211022
21102022
20221021
221022
22102022
20221022
231022
23102022
20221023
241022
24102022
20221024
251022
25102022
20221025
261022
26102022
20221026
271022
27102022
20221027
281022
28102022
20221028
291022
29102022
20221029
301022
30102022
20221030
311022
31102022
20221031
011122
01112022
20221101
Nov2022
021122
02112022
20221102
031122
03112022
20221103
041122
04112022
20221104
051122
05112022
20221105
061122
06112022
20221106
071122
07112022
20221107
081122
08112022
20221108
091122
09112022
20221109
101122
10112022
20221110
111122
11112022
20221111
121122
12112022
20221112
131122
13112022
20221113
141122
14112022
20221114
151122
15112022
20221115
161122
16112022
20221116
171122
17112022
20221117
181122
18112022
20221118
191122
19112022
20221119
201122
20112022
20221120
211122
21112022
20221121
221122
22112022
20221122
231122
23112022
20221123
241122
24112022
20221124
251122
25112022
20221125
261122
26112022
20221126
271122
27112022
20221127
281122
28112022
20221128
291122
29112022
20221129
301122
30112022
20221130
011222
01122022
20221201
Dec2022
021222
02122022
20221202
031222
03122022
20221203
041222
04122022
20221204
051222
05122022
20221205
061222
06122022
20221206
071222
07122022
20221207
081222
08122022
20221208
091222
09122022
20221209
101222
10122022
20221210
111222
11122022
20221211
121222
12122022
20221212
131222
13122022
20221213
141222
14122022
20221214
151222
15122022
20221215
161222
16122022
20221216
171222
17122022
20221217
181222
18122022
20221218
191222
19122022
20221219
201222
20122022
20221220
211222
21122022
20221221
221222
22122022
20221222
231222
23122022
20221223
241222
24122022
20221224
251222
25122022
20221225
261222
26122022
20221226
271222
27122022
20221227
281222
28122022
20221228
291222
29122022
20221229
301222
30122022
20221230
311222
31122022
20221231
010123
01012023
20230101
Jan2023
020123
02012023
20230102
030123
03012023
20230103
040123
04012023
20230104
050123
05012023
20230105
060123
06012023
20230106
070123
07012023
20230107
080123
08012023
20230108
090123
09012023
20230109
100123
10012023
20230110
110123
11012023
20230111
120123
12012023
20230112
130123
13012023
20230113
140123
14012023
20230114
150123
15012023
20230115
160123
16012023
20230116
170123
17012023
20230117
180123
18012023
20230118
190123
19012023
20230119
200123
20012023
20230120
210123
21012023
20230121
220123
22012023
20230122
230123
23012023
20230123
240123
24012023
20230124
250123
25012023
20230125
260123
26012023
20230126
270123
27012023
20230127
280123
28012023
20230128
290123
29012023
20230129
300123
30012023
20230130
310123
31012023
20230131
010223
01022023
20230201
Feb2023
020223
02022023
20230202
030223
03022023
20230203
040223
04022023
20230204
050223
05022023
20230205
060223
06022023
20230206
070223
07022023
20230207
080223
08022023
20230208
090223
09022023
20230209
100223
10022023
20230210
110223
11022023
20230211
120223
12022023
20230212
130223
13022023
20230213
140223
14022023
20230214
150223
15022023
20230215
160223
16022023
20230216
170223
17022023
20230217
180223
18022023
20230218
190223
19022023
20230219
200223
20022023
20230220
210223
21022023
20230221
220223
22022023
20230222
230223
23022023
20230223
240223
24022023
20230224
250223
25022023
20230225
260223
26022023
20230226
270223
27022023
20230227
280223
28022023
20230228
010323
01032023
20230301
Mar2023
020323
02032023
20230302
030323
03032023
20230303
040323
04032023
20230304
050323
05032023
20230305
060323
06032023
20230306
070323
07032023
20230307
080323
08032023
20230308
090323
09032023
20230309
100323
10032023
20230310
110323
11032023
20230311
120323
12032023
20230312
130323
13032023
20230313
140323
14032023
20230314
150323
15032023
20230315
160323
16032023
20230316
170323
17032023
20230317
180323
18032023
20230318
190323
19032023
20230319
200323
20032023
20230320
210323
21032023
20230321
220323
22032023
20230322
230323
23032023
20230323
240323
24032023
20230324
250323
25032023
20230325
260323
26032023
20230326
270323
27032023
20230327
280323
28032023
20230328
290323
29032023
20230329
300323
30032023
20230330
310323
31032023
20230331
010423
01042023
20230401
Apr2023
020423
02042023
20230402
030423
03042023
20230403
040423
04042023
20230404
050423
05042023
20230405
060423
06042023
20230406
070423
07042023
20230407
080423
08042023
20230408
090423
09042023
20230409
100423
10042023
20230410
110423
11042023
20230411
120423
12042023
20230412
130423
13042023
20230413
140423
14042023
20230414
150423
15042023
20230415
160423
16042023
20230416
170423
17042023
20230417
180423
18042023
20230418
190423
19042023
20230419
200423
20042023
20230420
210423
21042023
20230421
220423
22042023
20230422
230423
23042023
20230423
240423
24042023
20230424
250423
25042023
20230425
260423
26042023
20230426
270423
27042023
20230427
280423
28042023
20230428
290423
29042023
20230429
300423
30042023
20230430
010523
01052023
20230501
May2023
020523
02052023
20230502
030523
03052023
20230503
040523
04052023
20230504
050523
05052023
20230505
060523
06052023
20230506
070523
07052023
20230507
080523
08052023
20230508
090523
09052023
20230509
100523
10052023
20230510
110523
11052023
20230511
120523
12052023
20230512
130523
13052023
20230513
140523
14052023
20230514
150523
15052023
20230515
160523
16052023
20230516
170523
17052023
20230517
180523
18052023
20230518
190523
19052023
20230519
200523
20052023
20230520
210523
21052023
20230521
220523
22052023
20230522
230523
23052023
20230523
240523
24052023
20230524
250523
25052023
20230525
260523
26052023
20230526
270523
27052023
20230527
280523
28052023
20230528
290523
29052023
20230529
300523
30052023
20230530
310523
31052023
20230531
010623
01062023
20230601
Jun2023
020623
02062023
20230602
030623
03062023
20230603
040623
04062023
20230604
050623
05062023
20230605
060623
06062023
20230606
070623
07062023
20230607
080623
08062023
20230608
090623
09062023
20230609
100623
10062023
20230610
110623
11062023
20230611
120623
12062023
20230612
130623
13062023
20230613
140623
14062023
20230614
150623
15062023
20230615
160623
16062023
20230616
170623
17062023
20230617
180623
18062023
20230618
190623
19062023
20230619
200623
20062023
20230620
210623
21062023
20230621
220623
22062023
20230622
230623
23062023
20230623
240623
24062023
20230624
250623
25062023
20230625
260623
26062023
20230626
270623
27062023
20230627
280623
28062023
20230628
290623
29062023
20230629
300623
30062023
20230630
010723
01072023
20230701
Jul2023
020723
02072023
20230702
030723
03072023
20230703
040723
04072023
20230704
050723
05072023
20230705
060723
06072023
20230706
070723
07072023
20230707
080723
08072023
20230708
090723
09072023
20230709
100723
10072023
20230710
110723
11072023
20230711
120723
12072023
20230712
130723
13072023
20230713
140723
14072023
20230714
150723
15072023
20230715
160723
16072023
20230716
170723
17072023
20230717
180723
18072023
20230718
190723
19072023
20230719
200723
20072023
20230720
210723
21072023
20230721
220723
22072023
20230722
230723
23072023
20230723
240723
24072023
20230724
250723
25072023
20230725
260723
26072023
20230726
270723
27072023
20230727
280723
28072023
20230728
290723
29072023
20230729
300723
30072023
20230730
310723
31072023
20230731
010823
01082023
20230801
Aug2023
020823
02082023
20230802
030823
03082023
20230803
040823
04082023
20230804
050823
05082023
20230805
060823
06082023
20230806
070823
07082023
20230807
080823
08082023
20230808
090823
09082023
20230809
100823
10082023
20230810
110823
11082023
20230811
120823
12082023
20230812
130823
13082023
20230813
140823
14082023
20230814
150823
15082023
20230815
160823
16082023
20230816
170823
17082023
20230817
180823
18082023
20230818
190823
19082023
20230819
200823
20082023
20230820
210823
21082023
20230821
220823
22082023
20230822
230823
23082023
20230823
240823
24082023
20230824
250823
25082023
20230825
260823
26082023
20230826
270823
27082023
20230827
280823
28082023
20230828
290823
29082023
20230829
300823
30082023
20230830
310823
31082023
20230831
010923
01092023
20230901
Sep2023
020923
02092023
20230902
030923
03092023
20230903
040923
04092023
20230904
050923
05092023
20230905
060923
06092023
20230906
070923
07092023
20230907
080923
08092023
20230908
090923
09092023
20230909
100923
10092023
20230910
110923
11092023
20230911
120923
12092023
20230912
130923
13092023
20230913
140923
14092023
20230914
150923
15092023
20230915
160923
16092023
20230916
170923
17092023
20230917
180923
18092023
20230918
190923
19092023
20230919
200923
20092023
20230920
210923
21092023
20230921
220923
22092023
20230922
230923
23092023
20230923
240923
24092023
20230924
250923
25092023
20230925
260923
26092023
20230926
270923
27092023
20230927
280923
28092023
20230928
290923
29092023
20230929
300923
30092023
20230930
011023
01102023
20231001
Oct2023
021023
02102023
20231002
031023
03102023
20231003
041023
04102023
20231004
051023
05102023
20231005
061023
06102023
20231006
071023
07102023
20231007
081023
08102023
20231008
091023
09102023
20231009
101023
10102023
20231010
111023
11102023
20231011
121023
12102023
20231012
131023
13102023
20231013
141023
14102023
20231014
151023
15102023
20231015
161023
16102023
20231016
171023
17102023
20231017
181023
18102023
20231018
191023
19102023
20231019
201023
20102023
20231020
211023
21102023
20231021
221023
22102023
20231022
231023
23102023
20231023
241023
24102023
20231024
251023
25102023
20231025
261023
26102023
20231026
271023
27102023
20231027
281023
28102023
20231028
291023
29102023
20231029
301023
30102023
20231030
311023
31102023
20231031
011123
01112023
20231101
Nov2023
021123
02112023
20231102
031123
03112023
20231103
041123
04112023
20231104
051123
05112023
20231105
061123
06112023
20231106
071123
07112023
20231107
081123
08112023
20231108
091123
09112023
20231109
101123
10112023
20231110
111123
11112023
20231111
121123
12112023
20231112
131123
13112023
20231113
141123
14112023
20231114
151123
15112023
20231115
161123
16112023
20231116
171123
17112023
20231117
181123
18112023
20231118
191123
19112023
20231119
201123
20112023
20231120
211123
21112023
20231121
221123
22112023
20231122
231123
23112023
20231123
241123
24112023
20231124
251123
25112023
20231125
261123
26112023
20231126
271123
27112023
20231127
281123
28112023
20231128
291123
29112023
20231129
301123
30112023
20231130
011223
01122023
20231201
Dec2023
021223
02122023
20231202
031223
03122023
20231203
041223
04122023
20231204
051223
05122023
20231205
061223
06122023
20231206
071223
07122023
20231207
081223
08122023
20231208
091223
09122023
20231209
101223
10122023
20231210
111223
11122023
20231211
121223
12122023
20231212
131223
13122023
20231213
141223
14122023
20231214
151223
15122023
20231215
161223
16122023
20231216
171223
17122023
20231217
181223
18122023
20231218
191223
19122023
20231219
201223
20122023
20231220
211223
21122023
20231221
221223
22122023
20231222
231223
23122023
20231223
241223
24122023
20231224
251223
25122023
20231225
261223
26122023
20231226
271223
27122023
20231227
281223
28122023
20231228
291223
29122023
20231229
301223
30122023
20231230
311223
31122023
20231231
